motor_inertia:0.000002281
gear_inertia:0.00004
gear_ratio:15
gear_efficiency:0.72
pendulum_length:0.5
gear_damping:0.03
motor_damping:0.000004
k_t:0.1095
k_b:0.1095
motor_resistance:1.42
motor_inductance:0.0015
gravity:-9.81
mass:0.5