motor_inertia:0.00000901
gear_inertia:0.002190099
gear_ratio:15
gear_efficiency:0.72
pendulum_length:0.5
gear_damping:0.03
motor_damping:0.000004
k_t:0.105
k_b:0.094
motor_resistance:1.42
motor_inductance:0.0015
gravity:9.81
mass:2
